Latitude: -23.5995136, Longitude: -47.5070464, Horário: 2025-05-28T19:30:10.599Z
Latitude: -23.5995136, Longitude: -47.5070464, Horário: 2025-05-28T19:32:15.942Z
